0.905283 9.99469E-005 9.99469E-005 9.99469E-005 9.99469E-005 9.99469E-005 9.99469E-005 0.0118422 0.082275
9.99379E-005 9.99379E-005 9.99379E-005 0.27708 9.99379E-005 9.99379E-005 9.99379E-005 9.99379E-005 0.72222
9.99468E-005 9.99468E-005 9.99468E-005 9.99468E-005 9.99468E-005 0.0135826 0.84417 9.99468E-005 0.141648
9.993E-005 9.993E-005 9.993E-005 9.993E-005 9.993E-005 0.74518 9.993E-005 9.993E-005 0.25412
9.99556E-005 9.99556E-005 0.265892 0.0117752 0.160866 9.99556E-005 0.560967 9.99556E-005 9.99556E-005
9.99467E-005 0.717789 9.99467E-005 9.99467E-005 9.99467E-005 9.99467E-005 0.0303865 9.99467E-005 0.251225
9.99556E-005 0.251875 9.99556E-005 9.99556E-005 9.99556E-005 0.0898791 0.258674 9.99556E-005 0.399071
9.99379E-005 9.99379E-005 9.99379E-005 0.00738516 9.99379E-005 9.99379E-005 9.99379E-005 9.99379E-005 0.991915
9.99468E-005 9.99468E-005 0.264947 9.99468E-005 9.99468E-005 0.202346 9.99468E-005 9.99468E-005 0.532107
0.143854 9.99466E-005 9.99466E-005 0.0154581 9.99466E-005 9.99466E-005 9.99466E-005 9.99466E-005 0.840089
9.99468E-005 9.99468E-005 0.14438 9.99468E-005 9.99468E-005 9.99468E-005 0.0831939 9.99468E-005 0.771827
9.99379E-005 9.99379E-005 9.99379E-005 9.99379E-005 9.99379E-005 9.99379E-005 0.709083 9.99379E-005 0.290218
0.244029 9.99468E-005 9.99468E-005 0.0680237 9.99468E-005 9.99468E-005 9.99468E-005 0.687347 9.99468E-005
0.106666 0.0306848 9.99644E-005 0.602219 9.99644E-005 0.248459 0.0115706 9.99644E-005 9.99644E-005
9.993E-005 9.993E-005 9.993E-005 0.999201 9.993E-005 9.993E-005 9.993E-005 9.993E-005 9.993E-005
9.99467E-005 9.99467E-005 0.151805 9.99467E-005 9.99467E-005 9.99467E-005 0.825678 9.99467E-005 0.0219177
9.993E-005 9.993E-005 9.993E-005 9.993E-005 9.993E-005 9.993E-005 0.999201 9.993E-005 9.993E-005
9.99467E-005 0.0898007 9.99467E-005 0.306471 9.99467E-005 0.603129 9.99467E-005 9.99467E-005 9.99467E-005
9.99555E-005 0.106802 9.99555E-005 0.631612 9.99555E-005 0.2074 9.99555E-005 0.053687 9.99555E-005
9.99466E-005 0.0413801 9.99466E-005 9.99466E-005 9.99466E-005 9.99466E-005 0.380025 9.99466E-005 0.577996
9.99468E-005 0.430149 0.305164 9.99468E-005 9.99468E-005 9.99468E-005 0.264087 9.99468E-005 9.99468E-005
0.618538 0.0242454 9.99645E-005 9.99645E-005 0.0522435 0.049176 9.99645E-005 9.99645E-005 0.255397
0.252143 0.475702 9.99556E-005 0.2644 9.99556E-005 0.00725522 9.99556E-005 9.99556E-005 9.99556E-005
0.437596 0.173062 9.99556E-005 9.99556E-005 9.99556E-005 0.334006 0.054836 9.99556E-005 9.99556E-005
9.9938E-005 9.9938E-005 0.0662732 9.9938E-005 9.9938E-005 9.9938E-005 0.933027 9.9938E-005 9.9938E-005
9.99468E-005 9.99468E-005 0.215284 9.99468E-005 0.037977 9.99468E-005 0.74614 9.99468E-005 9.99468E-005
9.99379E-005 9.99379E-005 0.370616 9.99379E-005 9.99379E-005 9.99379E-005 0.628684 9.99379E-005 9.99379E-005
9.99557E-005 9.99557E-005 0.100582 0.126351 9.99557E-005 9.99557E-005 9.99557E-005 0.760392 0.0121754
9.993E-005 9.993E-005 9.993E-005 9.993E-005 9.993E-005 9.993E-005 0.999201 9.993E-005 9.993E-005
9.99556E-005 9.99556E-005 0.617768 9.99556E-005 0.0804972 9.99556E-005 0.272241 9.99556E-005 0.0289934
9.99379E-005 9.99379E-005 9.99379E-005 9.99379E-005 9.99379E-005 9.99379E-005 9.99379E-005 0.965482 0.0338181
0.542279 9.99378E-005 9.99378E-005 9.99378E-005 9.99378E-005 9.99378E-005 9.99378E-005 0.457021 9.99378E-005
9.993E-005 9.993E-005 9.993E-005 9.993E-005 9.993E-005 9.993E-005 0.999201 9.993E-005 9.993E-005
9.99379E-005 9.99379E-005 9.99379E-005 0.0442695 9.99379E-005 9.99379E-005 9.99379E-005 0.955031 9.99379E-005
9.99379E-005 9.99379E-005 9.99379E-005 9.99379E-005 0.106534 9.99379E-005 0.892767 9.99379E-005 9.99379E-005
9.993E-005 0.999201 9.993E-005 9.993E-005 9.993E-005 9.993E-005 9.993E-005 9.993E-005 9.993E-005
9.99379E-005 9.99379E-005 0.656014 9.99379E-005 9.99379E-005 9.99379E-005 0.343287 9.99379E-005 9.99379E-005
0.946305 9.99468E-005 9.99468E-005 9.99468E-005 9.99468E-005 0.0390296 0.0140657 9.99468E-005 9.99468E-005
9.99378E-005 9.99378E-005 9.99378E-005 9.99378E-005 0.078405 9.99378E-005 0.920895 9.99378E-005 9.99378E-005
9.99381E-005 9.99381E-005 9.99381E-005 9.99381E-005 9.99381E-005 9.99381E-005 9.99381E-005 0.964603 0.0346972
0.965657 9.99467E-005 0.0265529 9.99467E-005 9.99467E-005 0.00719062 9.99467E-005 9.99467E-005 9.99467E-005
0.999201 9.993E-005 9.993E-005 9.993E-005 9.993E-005 9.993E-005 9.993E-005 9.993E-005 9.993E-005
9.99378E-005 9.99378E-005 0.756546 9.99378E-005 9.99378E-005 9.99378E-005 0.242754 9.99378E-005 9.99378E-005
9.993E-005 9.993E-005 9.993E-005 9.993E-005 9.993E-005 9.993E-005 0.999201 9.993E-005 9.993E-005
0.654198 9.99467E-005 9.99467E-005 9.99467E-005 9.99467E-005 9.99467E-005 9.99467E-005 0.208647 0.136556
9.993E-005 9.993E-005 9.993E-005 9.993E-005 9.993E-005 9.993E-005 0.999201 9.993E-005 9.993E-005
9.993E-005 9.993E-005 9.993E-005 9.993E-005 9.993E-005 9.993E-005 0.999201 9.993E-005 9.993E-005
9.993E-005 9.993E-005 9.993E-005 9.993E-005 9.993E-005 9.993E-005 0.999201 9.993E-005 9.993E-005
9.9938E-005 9.9938E-005 9.9938E-005 9.9938E-005 9.9938E-005 0.280461 9.9938E-005 0.718839 9.9938E-005
9.993E-005 9.993E-005 9.993E-005 9.993E-005 9.993E-005 0.999201 9.993E-005 9.993E-005 9.993E-005
9.99379E-005 9.99379E-005 9.99379E-005 9.99379E-005 0.467622 9.99379E-005 0.531679 9.99379E-005 9.99379E-005
0.227733 9.99469E-005 9.99469E-005 9.99469E-005 9.99469E-005 0.491501 9.99469E-005 9.99469E-005 0.280166
9.9938E-005 9.9938E-005 9.9938E-005 9.9938E-005 0.611754 9.9938E-005 0.387546 9.9938E-005 9.9938E-005
9.99468E-005 0.0309213 9.99468E-005 9.99468E-005 0.320861 9.99468E-005 0.647618 9.99468E-005 9.99468E-005
9.9938E-005 9.9938E-005 9.9938E-005 9.9938E-005 0.554476 9.9938E-005 0.444825 9.9938E-005 9.9938E-005
9.993E-005 9.993E-005 9.993E-005 9.993E-005 9.993E-005 9.993E-005 0.999201 9.993E-005 9.993E-005
9.99379E-005 9.99379E-005 9.99379E-005 9.99379E-005 0.236008 9.99379E-005 0.763292 9.99379E-005 9.99379E-005
9.99378E-005 9.99378E-005 9.99378E-005 9.99378E-005 0.221519 9.99378E-005 0.777782 9.99378E-005 9.99378E-005
9.994E-005 0.79687 9.994E-005 0.162972 0.0395586 9.994E-005 9.994E-005 9.994E-005 9.994E-005
9.9938E-005 9.9938E-005 9.9938E-005 0.0899209 9.9938E-005 9.9938E-005 9.9938E-005 0.90938 9.9938E-005
0.0750141 9.99557E-005 9.99557E-005 0.00747635 9.99557E-005 9.99557E-005 9.99557E-005 0.136572 0.780438
0.300098 0.0276422 0.256778 0.05112 0.363962 9.99645E-005 9.99645E-005 9.99645E-005 9.99645E-005
9.993E-005 9.993E-005 9.993E-005 9.993E-005 0.999201 9.993E-005 9.993E-005 9.993E-005 9.993E-005
9.993E-005 9.993E-005 9.993E-005 9.993E-005 9.993E-005 9.993E-005 0.999201 9.993E-005 9.993E-005
0.251764 0.0648695 9.99467E-005 0.682767 9.99467E-005 9.99467E-005 9.99467E-005 9.99467E-005 9.99467E-005
9.99466E-005 9.99466E-005 0.518801 9.99466E-005 9.99466E-005 0.296334 0.184265 9.99466E-005 9.99466E-005
9.993E-005 9.993E-005 9.993E-005 9.993E-005 9.993E-005 9.993E-005 0.999201 9.993E-005 9.993E-005
0.0116511 9.99557E-005 0.153546 0.831166 9.99557E-005 9.99557E-005 9.99557E-005 9.99557E-005 0.00313738
9.99379E-005 9.99379E-005 0.338394 9.99379E-005 9.99379E-005 9.99379E-005 0.660907 9.99379E-005 9.99379E-005
9.99379E-005 9.99379E-005 9.99379E-005 9.99379E-005 0.000897194 9.99379E-005 0.998403 9.99379E-005 9.99379E-005
0.24979 9.99557E-005 9.99557E-005 0.438957 9.99557E-005 0.302772 9.99557E-005 0.00798186 9.99557E-005
9.99467E-005 9.99467E-005 0.212531 9.99467E-005 0.277327 9.99467E-005 0.509542 9.99467E-005 9.99467E-005
9.99379E-005 9.99379E-005 9.99379E-005 9.99379E-005 9.99379E-005 9.99379E-005 0.969353 9.99379E-005 0.0299479
9.9938E-005 9.9938E-005 9.9938E-005 9.9938E-005 9.9938E-005 9.9938E-005 9.9938E-005 0.610651 0.388649
9.99379E-005 9.99379E-005 9.99379E-005 9.99379E-005 9.99379E-005 9.99379E-005 9.99379E-005 0.711586 0.287714
0.130859 9.99378E-005 9.99378E-005 9.99378E-005 9.99378E-005 0.868441 9.99378E-005 9.99378E-005 9.99378E-005
9.99379E-005 9.99379E-005 9.99379E-005 9.99379E-005 0.123273 9.99379E-005 0.876028 9.99379E-005 9.99379E-005
9.993E-005 9.993E-005 9.993E-005 9.993E-005 9.993E-005 9.993E-005 0.999201 9.993E-005 9.993E-005
9.99379E-005 0.0608921 9.99379E-005 9.99379E-005 9.99379E-005 9.99379E-005 0.938408 9.99379E-005 9.99379E-005
9.99555E-005 0.520708 9.99555E-005 9.99555E-005 9.99555E-005 0.0572516 0.0674342 9.99555E-005 0.354107
9.99555E-005 0.255708 9.99555E-005 9.99555E-005 0.381499 9.99555E-005 0.328969 9.99555E-005 0.0333235
9.99556E-005 0.332503 9.99556E-005 9.99556E-005 9.99556E-005 0.189488 0.164334 9.99556E-005 0.313175
9.99469E-005 9.99469E-005 9.99469E-005 0.419491 9.99469E-005 9.99469E-005 9.99469E-005 0.499726 0.0801827
9.99557E-005 0.139193 0.182032 9.99557E-005 0.0296234 9.99557E-005 0.648652 9.99557E-005 9.99557E-005
9.99556E-005 0.0555993 0.303409 9.99556E-005 0.197028 9.99556E-005 0.443463 9.99556E-005 9.99556E-005
9.993E-005 9.993E-005 9.993E-005 9.993E-005 9.993E-005 9.993E-005 0.999201 9.993E-005 9.993E-005
9.99556E-005 9.99556E-005 0.451669 9.99556E-005 0.0192197 0.28572 0.242892 9.99556E-005 9.99556E-005
9.99557E-005 0.0580949 9.99557E-005 9.99557E-005 0.485191 0.00598061 0.450233 9.99557E-005 9.99557E-005
9.99557E-005 9.99557E-005 9.99557E-005 9.99557E-005 0.0296682 0.00154354 0.927213 9.99557E-005 0.0410751
9.99556E-005 9.99556E-005 0.031978 9.99556E-005 0.150005 9.99556E-005 0.71861 9.99556E-005 0.0989076
9.9938E-005 9.9938E-005 9.9938E-005 9.9938E-005 0.251148 9.9938E-005 0.748153 9.9938E-005 9.9938E-005
0.713009 9.99467E-005 9.99467E-005 9.99467E-005 9.99467E-005 0.112394 9.99467E-005 9.99467E-005 0.173997
9.99378E-005 9.99378E-005 9.99378E-005 9.99378E-005 9.99378E-005 9.99378E-005 9.99378E-005 0.769118 0.230182
9.993E-005 9.993E-005 9.993E-005 9.993E-005 9.993E-005 9.993E-005 0.999201 9.993E-005 9.993E-005
9.993E-005 9.993E-005 0.999201 9.993E-005 9.993E-005 9.993E-005 9.993E-005 9.993E-005 9.993E-005
9.99467E-005 0.822841 0.0349668 9.99467E-005 9.99467E-005 0.141593 9.99467E-005 9.99467E-005 9.99467E-005
9.99378E-005 0.69411 0.30519 9.99378E-005 9.99378E-005 9.99378E-005 9.99378E-005 9.99378E-005 9.99378E-005
9.993E-005 0.999201 9.993E-005 9.993E-005 9.993E-005 9.993E-005 9.993E-005 9.993E-005 9.993E-005
9.993E-005 9.993E-005 9.993E-005 9.993E-005 9.993E-005 9.993E-005 0.999201 9.993E-005 9.993E-005
9.99379E-005 9.99379E-005 0.395594 9.99379E-005 9.99379E-005 9.99379E-005 0.603707 9.99379E-005 9.99379E-005
9.993E-005 9.993E-005 9.993E-005 9.993E-005 9.993E-005 9.993E-005 0.999201 9.993E-005 9.993E-005
9.99468E-005 9.99468E-005 9.99468E-005 0.00408093 0.333039 9.99468E-005 0.66228 9.99468E-005 9.99468E-005
9.99378E-005 0.683099 9.99378E-005 9.99378E-005 0.316201 9.99378E-005 9.99378E-005 9.99378E-005 9.99378E-005
0.056119 9.99468E-005 0.193715 9.99468E-005 0.749566 9.99468E-005 9.99468E-005 9.99468E-005 9.99468E-005
9.99379E-005 0.184256 0.815044 9.99379E-005 9.99379E-005 9.99379E-005 9.99379E-005 9.99379E-005 9.99379E-005
9.993E-005 9.993E-005 9.993E-005 9.993E-005 9.993E-005 9.993E-005 0.999201 9.993E-005 9.993E-005
9.993E-005 9.993E-005 9.993E-005 9.993E-005 9.993E-005 9.993E-005 0.999201 9.993E-005 9.993E-005
0.145259 0.418657 9.99556E-005 0.271065 9.99556E-005 9.99556E-005 9.99556E-005 9.99556E-005 0.164519
9.99378E-005 9.99378E-005 0.35918 9.99378E-005 9.99378E-005 0.64012 9.99378E-005 9.99378E-005 9.99378E-005
9.993E-005 9.993E-005 9.993E-005 9.993E-005 9.993E-005 9.993E-005 0.999201 9.993E-005 9.993E-005
9.993E-005 9.993E-005 9.993E-005 9.993E-005 9.993E-005 9.993E-005 0.999201 9.993E-005 9.993E-005
9.99557E-005 9.99557E-005 0.0267742 9.99557E-005 0.156162 9.99557E-005 0.809894 9.99557E-005 0.00666994
9.993E-005 9.993E-005 9.993E-005 9.993E-005 9.993E-005 9.993E-005 0.999201 9.993E-005 9.993E-005
9.993E-005 9.993E-005 9.993E-005 9.993E-005 9.993E-005 9.993E-005 0.999201 9.993E-005 9.993E-005
9.99379E-005 9.99379E-005 0.291841 9.99379E-005 9.99379E-005 9.99379E-005 0.707459 9.99379E-005 9.99379E-005
9.993E-005 9.993E-005 9.993E-005 9.993E-005 9.993E-005 9.993E-005 0.999201 9.993E-005 9.993E-005
9.993E-005 9.993E-005 9.993E-005 9.993E-005 9.993E-005 9.993E-005 0.999201 9.993E-005 9.993E-005
9.99467E-005 9.99467E-005 0.317013 9.99467E-005 0.374376 9.99467E-005 0.308011 9.99467E-005 9.99467E-005
9.993E-005 9.993E-005 9.993E-005 9.993E-005 9.993E-005 9.993E-005 0.999201 9.993E-005 9.993E-005
0.0253597 0.00994934 9.99557E-005 9.99557E-005 0.056477 9.99557E-005 0.907714 9.99557E-005 9.99557E-005
0.195154 0.58029 9.99557E-005 0.185998 9.99557E-005 0.038057 9.99557E-005 9.99557E-005 9.99557E-005
9.99468E-005 9.99468E-005 0.532872 9.99468E-005 9.99468E-005 9.99468E-005 0.441322 9.99468E-005 0.0252062
9.993E-005 9.993E-005 9.993E-005 9.993E-005 9.993E-005 9.993E-005 9.993E-005 9.993E-005 0.999201
9.99468E-005 0.34644 0.190746 9.99468E-005 9.99468E-005 9.99468E-005 0.462215 9.99468E-005 9.99468E-005
9.99379E-005 9.99379E-005 9.99379E-005 9.99379E-005 0.612644 0.386657 9.99379E-005 9.99379E-005 9.99379E-005
9.99378E-005 9.99378E-005 0.754544 9.99378E-005 9.99378E-005 9.99378E-005 0.244756 9.99378E-005 9.99378E-005
9.99379E-005 9.99379E-005 0.088066 9.99379E-005 9.99379E-005 0.911234 9.99379E-005 9.99379E-005 9.99379E-005
9.99557E-005 9.99557E-005 9.99557E-005 0.406355 9.99557E-005 9.99557E-005 0.0232115 0.439015 0.130919
0.870603 9.9938E-005 9.9938E-005 9.9938E-005 9.9938E-005 9.9938E-005 9.9938E-005 9.9938E-005 0.128697
9.993E-005 9.993E-005 9.993E-005 9.993E-005 9.993E-005 9.993E-005 0.999201 9.993E-005 9.993E-005
0.213675 9.99467E-005 9.99467E-005 0.330579 9.99467E-005 9.99467E-005 9.99467E-005 0.455146 9.99467E-005
9.993E-005 9.993E-005 9.993E-005 0.999201 9.993E-005 9.993E-005 9.993E-005 9.993E-005 9.993E-005
0.388559 9.99381E-005 9.99381E-005 9.99381E-005 9.99381E-005 0.610741 9.99381E-005 9.99381E-005 9.99381E-005
9.993E-005 9.993E-005 9.993E-005 9.993E-005 9.993E-005 9.993E-005 9.993E-005 0.999201 9.993E-005
9.99466E-005 0.00230557 9.99466E-005 9.99466E-005 0.51536 9.99466E-005 0.481735 9.99466E-005 9.99466E-005
9.99379E-005 9.99379E-005 9.99379E-005 0.984874 9.99379E-005 9.99379E-005 0.0144261 9.99379E-005 9.99379E-005
9.993E-005 9.993E-005 9.993E-005 9.993E-005 9.993E-005 9.993E-005 0.999201 9.993E-005 9.993E-005
9.99381E-005 9.99381E-005 0.0536622 9.99381E-005 9.99381E-005 9.99381E-005 0.945638 9.99381E-005 9.99381E-005
9.993E-005 9.993E-005 9.993E-005 9.993E-005 9.993E-005 9.993E-005 0.999201 9.993E-005 9.993E-005
9.993E-005 9.993E-005 9.993E-005 9.993E-005 9.993E-005 9.993E-005 0.999201 9.993E-005 9.993E-005
9.99557E-005 0.0228833 0.127779 9.99557E-005 9.99557E-005 0.00568303 0.843155 9.99557E-005 9.99557E-005
9.993E-005 9.993E-005 9.993E-005 9.993E-005 9.993E-005 9.993E-005 0.999201 9.993E-005 9.993E-005
9.99556E-005 0.202063 0.0394981 9.99556E-005 9.99556E-005 0.563444 0.194496 9.99556E-005 9.99556E-005
9.99644E-005 0.270653 0.0791779 0.0193988 0.43018 0.200191 9.99644E-005 9.99644E-005 9.99644E-005
9.99468E-005 0.381446 9.99468E-005 9.99468E-005 0.564922 9.99468E-005 0.053032 9.99468E-005 9.99468E-005
9.9938E-005 9.9938E-005 9.9938E-005 9.9938E-005 0.280107 9.9938E-005 0.719194 9.9938E-005 9.9938E-005
