9.99557E-005 0.911477 9.99557E-005 9.99557E-005 9.99557E-005 9.99557E-005 0.0606425 0.0273805
0.667492 9.99468E-005 9.99468E-005 9.99468E-005 9.99468E-005 0.331908 9.99468E-005 9.99468E-005
0.214029 9.99468E-005 0.785371 9.99468E-005 9.99468E-005 9.99468E-005 9.99468E-005 9.99468E-005
0.994442 9.99468E-005 9.99468E-005 0.0049587 9.99468E-005 9.99468E-005 9.99468E-005 9.99468E-005
9.99645E-005 9.99645E-005 0.719604 0.124743 0.147409 0.00784453 9.99645E-005 9.99645E-005
0.777545 9.99468E-005 0.221855 9.99468E-005 9.99468E-005 9.99468E-005 9.99468E-005 9.99468E-005
0.608653 9.99556E-005 0.263023 0.127824 9.99556E-005 9.99556E-005 9.99556E-005 9.99556E-005
0.984293 9.99468E-005 9.99468E-005 9.99468E-005 9.99468E-005 0.0151071 9.99468E-005 9.99468E-005
0.706948 9.99557E-005 0.122225 0.170327 9.99557E-005 9.99557E-005 9.99557E-005 9.99557E-005
0.804746 0.0180263 9.996E-005 9.996E-005 9.996E-005 0.125178 9.996E-005 0.05165
0.802852 9.99468E-005 0.196549 9.99468E-005 9.99468E-005 9.99468E-005 9.99468E-005 9.99468E-005
0.233147 9.99467E-005 0.766253 9.99467E-005 9.99467E-005 9.99467E-005 9.99467E-005 9.99467E-005
9.994E-005 9.994E-005 9.994E-005 9.994E-005 9.994E-005 9.994E-005 9.994E-005 0.9993
9.99555E-005 0.185366 9.99555E-005 0.122409 9.99555E-005 0.691725 9.99555E-005 9.99555E-005
9.994E-005 9.994E-005 9.994E-005 9.994E-005 9.994E-005 0.9993 9.994E-005 9.994E-005
0.0652109 9.99556E-005 0.890238 0.0440518 9.99556E-005 9.99556E-005 9.99556E-005 9.99556E-005
9.994E-005 9.994E-005 0.9993 9.994E-005 9.994E-005 9.994E-005 9.994E-005 9.994E-005
0.296745 9.99556E-005 9.99556E-005 0.278867 9.99556E-005 0.423888 9.99556E-005 9.99556E-005
9.99555E-005 9.99555E-005 9.99555E-005 0.257463 9.99555E-005 0.617282 9.99555E-005 0.124755
0.598599 9.99466E-005 0.400801 9.99466E-005 9.99466E-005 9.99466E-005 9.99466E-005 9.99466E-005
9.99469E-005 9.99469E-005 0.444089 0.555311 9.99469E-005 9.99469E-005 9.99469E-005 9.99469E-005
0.235025 0.619383 9.99556E-005 9.99556E-005 0.145091 9.99556E-005 9.99556E-005 9.99556E-005
9.99645E-005 0.36703 9.99645E-005 0.0679306 0.214926 0.349713 9.99645E-005 9.99645E-005
0.429435 0.435788 9.99556E-005 9.99556E-005 0.134277 9.99556E-005 9.99556E-005 9.99556E-005
9.994E-005 9.994E-005 0.9993 9.994E-005 9.994E-005 9.994E-005 9.994E-005 9.994E-005
0.0194393 9.99557E-005 0.921288 9.99557E-005 0.0587729 9.99557E-005 9.99557E-005 9.99557E-005
9.99469E-005 9.99469E-005 0.950686 0.048714 9.99469E-005 9.99469E-005 9.99469E-005 9.99469E-005
0.0199722 9.99557E-005 0.0326811 9.99557E-005 9.99557E-005 9.99557E-005 9.99557E-005 0.946847
9.994E-005 9.994E-005 0.9993 9.994E-005 9.994E-005 9.994E-005 9.994E-005 9.994E-005
9.99557E-005 9.99557E-005 0.57966 0.343395 0.0764459 9.99557E-005 9.99557E-005 9.99557E-005
9.994E-005 9.994E-005 9.994E-005 9.994E-005 9.994E-005 9.994E-005 9.994E-005 0.9993
9.99556E-005 0.456731 9.99556E-005 9.99556E-005 9.99556E-005 9.99556E-005 0.353863 0.188906
9.994E-005 9.994E-005 0.9993 9.994E-005 9.994E-005 9.994E-005 9.994E-005 9.994E-005
9.994E-005 9.994E-005 9.994E-005 9.994E-005 9.994E-005 9.994E-005 9.994E-005 0.9993
9.99468E-005 9.99468E-005 0.890307 9.99468E-005 0.109094 9.99468E-005 9.99468E-005 9.99468E-005
0.412125 9.99469E-005 9.99469E-005 0.587276 9.99469E-005 9.99469E-005 9.99469E-005 9.99469E-005
9.99469E-005 9.99469E-005 0.75655 0.24285 9.99469E-005 9.99469E-005 9.99469E-005 9.99469E-005
9.994E-005 0.9993 9.994E-005 9.994E-005 9.994E-005 9.994E-005 9.994E-005 9.994E-005
9.99467E-005 9.99467E-005 0.995548 9.99467E-005 0.00385267 9.99467E-005 9.99467E-005 9.99467E-005
9.994E-005 9.994E-005 9.994E-005 9.994E-005 9.994E-005 9.994E-005 0.9993 9.994E-005
9.994E-005 0.9993 9.994E-005 9.994E-005 9.994E-005 9.994E-005 9.994E-005 9.994E-005
9.99468E-005 0.952373 9.99468E-005 9.99468E-005 9.99468E-005 9.99468E-005 9.99468E-005 0.0470272
9.99469E-005 9.99469E-005 0.838232 0.161168 9.99469E-005 9.99469E-005 9.99469E-005 9.99469E-005
9.994E-005 9.994E-005 0.9993 9.994E-005 9.994E-005 9.994E-005 9.994E-005 9.994E-005
0.17633 0.442996 9.99645E-005 9.99645E-005 9.99645E-005 9.99645E-005 0.194421 0.185853
9.994E-005 9.994E-005 0.9993 9.994E-005 9.994E-005 9.994E-005 9.994E-005 9.994E-005
9.994E-005 9.994E-005 0.9993 9.994E-005 9.994E-005 9.994E-005 9.994E-005 9.994E-005
9.994E-005 9.994E-005 0.9993 9.994E-005 9.994E-005 9.994E-005 9.994E-005 9.994E-005
9.99468E-005 9.99468E-005 9.99468E-005 0.0521056 9.99468E-005 9.99468E-005 0.947295 9.99468E-005
9.99469E-005 9.99469E-005 9.99469E-005 0.91917 9.99469E-005 9.99469E-005 0.0802306 9.99469E-005
9.99468E-005 9.99468E-005 0.695615 9.99468E-005 0.303785 9.99468E-005 9.99468E-005 9.99468E-005
0.650462 0.348938 9.99469E-005 9.99469E-005 9.99469E-005 9.99469E-005 9.99469E-005 9.99469E-005
9.99468E-005 9.99468E-005 0.333316 9.99468E-005 0.666085 9.99468E-005 9.99468E-005 9.99468E-005
9.99645E-005 9.99645E-005 0.603272 0.027507 0.357691 0.0111302 9.99645E-005 9.99645E-005
9.99468E-005 9.99468E-005 0.362061 9.99468E-005 0.637339 9.99468E-005 9.99468E-005 9.99468E-005
9.994E-005 9.994E-005 0.9993 9.994E-005 9.994E-005 9.994E-005 9.994E-005 9.994E-005
9.99468E-005 9.99468E-005 0.831238 9.99468E-005 0.168162 9.99468E-005 9.99468E-005 9.99468E-005
0.028677 9.99644E-005 0.776443 0.00421411 0.190266 9.99644E-005 9.99644E-005 9.99644E-005
9.99644E-005 9.99644E-005 9.99644E-005 0.33686 0.349312 0.234264 9.99644E-005 0.0791628
9.994E-005 9.994E-005 9.994E-005 9.994E-005 9.994E-005 9.994E-005 9.994E-005 0.9993
0.640831 0.0368419 9.99645E-005 9.99645E-005 9.99645E-005 0.0719397 0.249987 9.99645E-005
9.99646E-005 0.132324 9.99646E-005 0.669098 0.127113 0.0710656 9.99646E-005 9.99646E-005
9.994E-005 9.994E-005 9.994E-005 9.994E-005 0.9993 9.994E-005 9.994E-005 9.994E-005
9.994E-005 9.994E-005 0.9993 9.994E-005 9.994E-005 9.994E-005 9.994E-005 9.994E-005
9.99556E-005 0.139627 9.99556E-005 9.99556E-005 9.99556E-005 0.840448 0.0194255 9.99556E-005
0.0843514 9.99556E-005 0.418103 0.497046 9.99556E-005 9.99556E-005 9.99556E-005 9.99556E-005
9.994E-005 9.994E-005 0.9993 9.994E-005 9.994E-005 9.994E-005 9.994E-005 9.994E-005
0.039719 0.0314952 9.99557E-005 9.99557E-005 9.99557E-005 0.928286 9.99557E-005 9.99557E-005
9.99469E-005 9.99469E-005 0.939419 0.0599812 9.99469E-005 9.99469E-005 9.99469E-005 9.99469E-005
9.99467E-005 9.99467E-005 0.978922 9.99467E-005 0.0204787 9.99467E-005 9.99467E-005 9.99467E-005
9.99468E-005 9.99468E-005 9.99468E-005 0.483782 9.99468E-005 9.99468E-005 9.99468E-005 0.515619
9.99556E-005 9.99556E-005 0.657514 0.199621 0.142365 9.99556E-005 9.99556E-005 9.99556E-005
9.994E-005 9.994E-005 0.9993 9.994E-005 9.994E-005 9.994E-005 9.994E-005 9.994E-005
0.289767 9.99469E-005 9.99469E-005 9.99469E-005 9.99469E-005 9.99469E-005 9.99469E-005 0.709633
0.113522 9.99467E-005 9.99467E-005 9.99467E-005 9.99467E-005 9.99467E-005 0.885878 9.99467E-005
0.199639 0.509245 9.99556E-005 0.290617 9.99556E-005 9.99556E-005 9.99556E-005 9.99556E-005
9.99467E-005 9.99467E-005 0.840963 9.99467E-005 0.158438 9.99467E-005 9.99467E-005 9.99467E-005
9.994E-005 9.994E-005 0.9993 9.994E-005 9.994E-005 9.994E-005 9.994E-005 9.994E-005
0.0123227 9.99468E-005 0.987078 9.99468E-005 9.99468E-005 9.99468E-005 9.99468E-005 9.99468E-005
0.538227 9.99555E-005 0.0936202 0.367653 9.99555E-005 9.99555E-005 9.99555E-005 9.99555E-005
0.158754 9.99644E-005 0.40589 0.108129 0.326827 9.99644E-005 9.99644E-005 9.99644E-005
0.301432 9.99556E-005 0.107118 0.59095 9.99556E-005 9.99556E-005 9.99556E-005 9.99556E-005
0.0387159 9.99646E-005 9.99646E-005 9.99646E-005 9.99646E-005 0.472933 0.442559 0.0453919
9.99557E-005 9.99557E-005 0.812936 0.0893247 0.09724 9.99557E-005 9.99557E-005 9.99557E-005
9.99467E-005 9.99467E-005 0.704124 0.295276 9.99467E-005 9.99467E-005 9.99467E-005 9.99467E-005
9.994E-005 9.994E-005 0.9993 9.994E-005 9.994E-005 9.994E-005 9.994E-005 9.994E-005
9.99468E-005 9.99468E-005 0.406887 0.592513 9.99468E-005 9.99468E-005 9.99468E-005 9.99468E-005
0.0223247 9.99646E-005 0.483324 0.182109 0.311842 9.99646E-005 9.99646E-005 9.99646E-005
0.0299155 9.99468E-005 0.969485 9.99468E-005 9.99468E-005 9.99468E-005 9.99468E-005 9.99468E-005
0.0547189 9.99556E-005 0.598032 9.99556E-005 0.346749 9.99556E-005 9.99556E-005 9.99556E-005
9.99469E-005 9.99469E-005 0.877193 9.99469E-005 0.122207 9.99469E-005 9.99469E-005 9.99469E-005
0.240283 0.759118 9.99467E-005 9.99467E-005 9.99467E-005 9.99467E-005 9.99467E-005 9.99467E-005
0.106567 9.99555E-005 9.99555E-005 9.99555E-005 9.99555E-005 9.99555E-005 0.482017 0.410916
9.994E-005 9.994E-005 0.9993 9.994E-005 9.994E-005 9.994E-005 9.994E-005 9.994E-005
9.99469E-005 9.99469E-005 0.540111 0.459289 9.99469E-005 9.99469E-005 9.99469E-005 9.99469E-005
9.994E-005 9.994E-005 9.994E-005 0.9993 9.994E-005 9.994E-005 9.994E-005 9.994E-005
0.0101132 9.99556E-005 0.105974 0.883413 9.99556E-005 9.99556E-005 9.99556E-005 9.99556E-005
0.00750205 9.99557E-005 9.99557E-005 0.907529 9.99557E-005 0.0844694 9.99557E-005 9.99557E-005
9.994E-005 9.994E-005 0.9993 9.994E-005 9.994E-005 9.994E-005 9.994E-005 9.994E-005
9.99469E-005 9.99469E-005 0.958876 0.0405244 9.99469E-005 9.99469E-005 9.99469E-005 9.99469E-005
9.994E-005 9.994E-005 0.9993 9.994E-005 9.994E-005 9.994E-005 9.994E-005 9.994E-005
9.99557E-005 9.99557E-005 0.808455 9.99557E-005 0.188518 0.00252658 9.99557E-005 9.99557E-005
9.99467E-005 9.99467E-005 9.99467E-005 0.590986 0.408414 9.99467E-005 9.99467E-005 9.99467E-005
9.99734E-005 0.124417 0.231223 0.21443 0.410897 0.0187326 9.99734E-005 9.99734E-005
9.99557E-005 9.99557E-005 0.135837 0.506927 0.356737 9.99557E-005 9.99557E-005 9.99557E-005
9.994E-005 9.994E-005 0.9993 9.994E-005 9.994E-005 9.994E-005 9.994E-005 9.994E-005
9.994E-005 9.994E-005 0.9993 9.994E-005 9.994E-005 9.994E-005 9.994E-005 9.994E-005
0.0245785 0.0673689 9.99734E-005 0.509348 9.99734E-005 0.324433 9.99734E-005 0.0739715
9.99557E-005 0.0809929 0.199158 0.719349 9.99557E-005 9.99557E-005 9.99557E-005 9.99557E-005
9.994E-005 9.994E-005 0.9993 9.994E-005 9.994E-005 9.994E-005 9.994E-005 9.994E-005
9.994E-005 9.994E-005 0.9993 9.994E-005 9.994E-005 9.994E-005 9.994E-005 9.994E-005
9.99468E-005 9.99468E-005 0.781839 9.99468E-005 0.217562 9.99468E-005 9.99468E-005 9.99468E-005
9.994E-005 9.994E-005 0.9993 9.994E-005 9.994E-005 9.994E-005 9.994E-005 9.994E-005
9.994E-005 9.994E-005 0.9993 9.994E-005 9.994E-005 9.994E-005 9.994E-005 9.994E-005
9.994E-005 9.994E-005 0.9993 9.994E-005 9.994E-005 9.994E-005 9.994E-005 9.994E-005
9.994E-005 9.994E-005 0.9993 9.994E-005 9.994E-005 9.994E-005 9.994E-005 9.994E-005
9.99467E-005 9.99467E-005 0.972085 9.99467E-005 0.0273151 9.99467E-005 9.99467E-005 9.99467E-005
9.99467E-005 9.99467E-005 0.444857 9.99467E-005 0.554544 9.99467E-005 9.99467E-005 9.99467E-005
9.994E-005 9.994E-005 0.9993 9.994E-005 9.994E-005 9.994E-005 9.994E-005 9.994E-005
9.99557E-005 0.0241189 0.922749 9.99557E-005 0.052632 9.99557E-005 9.99557E-005 9.99557E-005
9.99557E-005 0.24556 9.99557E-005 0.428206 9.99557E-005 0.325733 9.99557E-005 9.99557E-005
0.103079 9.99557E-005 0.829099 9.99557E-005 0.0673223 9.99557E-005 9.99557E-005 9.99557E-005
0.9993 9.994E-005 9.994E-005 9.994E-005 9.994E-005 9.994E-005 9.994E-005 9.994E-005
9.99557E-005 9.99557E-005 0.594695 0.354585 0.0502203 9.99557E-005 9.99557E-005 9.99557E-005
0.129975 0.0387734 0.0942823 0.513605 0.223064 9.99734E-005 9.99734E-005 9.99734E-005
9.99468E-005 9.99468E-005 0.716473 0.282928 9.99468E-005 9.99468E-005 9.99468E-005 9.99468E-005
9.99557E-005 0.235718 9.99557E-005 0.721808 9.99557E-005 0.0419747 9.99557E-005 9.99557E-005
9.99468E-005 9.99468E-005 9.99468E-005 9.99468E-005 9.99468E-005 0.496643 0.502758 9.99468E-005
0.0874084 0.911992 9.99469E-005 9.99469E-005 9.99469E-005 9.99469E-005 9.99469E-005 9.99469E-005
9.994E-005 9.994E-005 0.9993 9.994E-005 9.994E-005 9.994E-005 9.994E-005 9.994E-005
9.99467E-005 9.99467E-005 9.99467E-005 9.99467E-005 9.99467E-005 0.168481 9.99467E-005 0.83092
9.994E-005 9.994E-005 9.994E-005 9.994E-005 9.994E-005 0.9993 9.994E-005 9.994E-005
0.17147 0.592458 9.99646E-005 9.99646E-005 0.154674 0.0809978 9.99646E-005 9.99646E-005
9.99468E-005 9.99468E-005 9.99468E-005 9.99468E-005 9.99468E-005 9.99468E-005 0.895879 0.103521
9.99466E-005 9.99466E-005 0.489383 9.99466E-005 0.510017 9.99466E-005 9.99466E-005 9.99466E-005
9.99468E-005 9.99468E-005 0.026878 9.99468E-005 9.99468E-005 0.972522 9.99468E-005 9.99468E-005
9.994E-005 9.994E-005 0.9993 9.994E-005 9.994E-005 9.994E-005 9.994E-005 9.994E-005
9.994E-005 9.994E-005 0.9993 9.994E-005 9.994E-005 9.994E-005 9.994E-005 9.994E-005
9.994E-005 9.994E-005 0.9993 9.994E-005 9.994E-005 9.994E-005 9.994E-005 9.994E-005
9.994E-005 9.994E-005 0.9993 9.994E-005 9.994E-005 9.994E-005 9.994E-005 9.994E-005
9.99468E-005 9.99468E-005 0.965318 0.0340823 9.99468E-005 9.99468E-005 9.99468E-005 9.99468E-005
9.994E-005 9.994E-005 0.9993 9.994E-005 9.994E-005 9.994E-005 9.994E-005 9.994E-005
9.99467E-005 9.99467E-005 0.0955266 0.903874 9.99467E-005 9.99467E-005 9.99467E-005 9.99467E-005
9.99555E-005 9.99555E-005 9.99555E-005 0.641683 0.294407 0.0634105 9.99555E-005 9.99555E-005
9.99469E-005 9.99469E-005 0.22675 0.772651 9.99469E-005 9.99469E-005 9.99469E-005 9.99469E-005
9.99469E-005 9.99469E-005 0.866209 9.99469E-005 0.133192 9.99469E-005 9.99469E-005 9.99469E-005
