0.229165 0.136288 0.529805 0.104143 9.99468E-005 9.99468E-005 9.99468E-005 9.99468E-005 9.99468E-005 9.99468E-005
9.9929E-005 9.9929E-005 9.9929E-005 9.9929E-005 9.9929E-005 0.698315 9.9929E-005 9.9929E-005 0.300886 9.9929E-005
9.9929E-005 9.9929E-005 9.9929E-005 9.9929E-005 9.9929E-005 0.254022 0.745179 9.9929E-005 9.9929E-005 9.9929E-005
9.99291E-005 0.0509655 9.99291E-005 9.99291E-005 9.99291E-005 0.948235 9.99291E-005 9.99291E-005 9.99291E-005 9.99291E-005
9.99467E-005 9.99467E-005 9.99467E-005 9.99467E-005 0.208786 9.99467E-005 0.634227 9.99467E-005 0.0271531 0.129234
9.99378E-005 9.99378E-005 9.99378E-005 9.99378E-005 9.99378E-005 0.651883 0.108575 0.238843 9.99378E-005 9.99378E-005
9.99378E-005 9.99378E-005 0.335093 9.99378E-005 9.99378E-005 0.444093 0.220115 9.99378E-005 9.99378E-005 9.99378E-005
9.9929E-005 9.9929E-005 9.9929E-005 9.9929E-005 9.9929E-005 0.890277 9.9929E-005 9.9929E-005 0.108923 9.9929E-005
9.99291E-005 9.99291E-005 9.99291E-005 9.99291E-005 0.237184 0.762017 9.99291E-005 9.99291E-005 9.99291E-005 9.99291E-005
9.99377E-005 0.11887 9.99377E-005 9.99377E-005 9.99377E-005 0.70632 9.99377E-005 9.99377E-005 0.174111 9.99377E-005
9.99468E-005 9.99468E-005 0.121043 9.99468E-005 0.0184237 0.712501 0.147433 9.99468E-005 9.99468E-005 9.99468E-005
9.9929E-005 9.9929E-005 9.9929E-005 9.9929E-005 9.9929E-005 0.261576 0.737625 9.9929E-005 9.9929E-005 9.9929E-005
0.914845 0.0843556 9.9929E-005 9.9929E-005 9.9929E-005 9.9929E-005 9.9929E-005 9.9929E-005 9.9929E-005 9.9929E-005
9.99466E-005 0.0859598 0.406606 9.99466E-005 0.0195288 9.99466E-005 9.99466E-005 9.99466E-005 0.487306 9.99466E-005
9.99203E-005 9.99203E-005 9.99203E-005 9.99203E-005 9.99203E-005 9.99203E-005 9.99203E-005 9.99203E-005 0.999101 9.99203E-005
9.99379E-005 9.99379E-005 9.99379E-005 9.99379E-005 0.0370166 0.103909 0.858375 9.99379E-005 9.99379E-005 9.99379E-005
9.99201E-005 9.99201E-005 9.99201E-005 9.99201E-005 9.99201E-005 9.99201E-005 0.999101 9.99201E-005 9.99201E-005 9.99201E-005
9.99555E-005 0.119664 9.99555E-005 9.99555E-005 9.99555E-005 0.253759 9.99555E-005 0.290804 0.316256 0.0190166
9.99466E-005 9.99466E-005 0.0581463 0.0569519 9.99466E-005 9.99466E-005 9.99466E-005 0.319424 0.564878 9.99466E-005
9.99288E-005 9.99288E-005 9.99288E-005 9.99288E-005 9.99288E-005 0.651953 0.347248 9.99288E-005 9.99288E-005 9.99288E-005
9.9929E-005 9.9929E-005 9.9929E-005 9.9929E-005 0.912056 9.9929E-005 0.087145 9.9929E-005 9.9929E-005 9.9929E-005
9.99379E-005 0.802938 9.99379E-005 9.99379E-005 0.0495327 0.14683 9.99379E-005 9.99379E-005 9.99379E-005 9.99379E-005
9.9929E-005 9.9929E-005 9.9929E-005 0.0605672 9.9929E-005 9.9929E-005 9.9929E-005 0.938633 9.9929E-005 9.9929E-005
9.996E-005 0.689191 9.996E-005 9.996E-005 0.00501588 0.174726 0.0320743 0.0352737 9.996E-005 0.0633199
9.99292E-005 9.99292E-005 9.99292E-005 9.99292E-005 9.99292E-005 0.00370966 0.995491 9.99292E-005 9.99292E-005 9.99292E-005
9.9938E-005 9.9938E-005 9.9938E-005 9.9938E-005 0.168951 0.0249493 0.8054 9.9938E-005 9.9938E-005 9.9938E-005
9.99291E-005 9.99291E-005 9.99291E-005 9.99291E-005 0.163824 9.99291E-005 0.835377 9.99291E-005 9.99291E-005 9.99291E-005
0.793991 9.9938E-005 9.9938E-005 9.9938E-005 9.9938E-005 0.111204 9.9938E-005 9.9938E-005 0.0941053 9.9938E-005
9.99201E-005 9.99201E-005 9.99201E-005 9.99201E-005 9.99201E-005 9.99201E-005 0.999101 9.99201E-005 9.99201E-005 9.99201E-005
9.99468E-005 9.99468E-005 9.99468E-005 9.99468E-005 0.0915302 0.107298 0.493646 9.99468E-005 9.99468E-005 0.306926
0.960662 9.99291E-005 9.99291E-005 9.99291E-005 9.99291E-005 0.0385386 9.99291E-005 9.99291E-005 9.99291E-005 9.99291E-005
0.747044 0.172978 9.99378E-005 9.99378E-005 9.99378E-005 9.99378E-005 9.99378E-005 0.0792787 9.99378E-005 9.99378E-005
9.99201E-005 9.99201E-005 9.99201E-005 9.99201E-005 9.99201E-005 9.99201E-005 0.999101 9.99201E-005 9.99201E-005 9.99201E-005
0.999101 9.99202E-005 9.99202E-005 9.99202E-005 9.99202E-005 9.99202E-005 9.99202E-005 9.99202E-005 9.99202E-005 9.99202E-005
9.9929E-005 9.9929E-005 9.9929E-005 9.9929E-005 9.9929E-005 9.9929E-005 0.946767 0.0524335 9.9929E-005 9.9929E-005
9.99292E-005 9.99292E-005 9.99292E-005 9.99292E-005 9.99292E-005 0.350773 9.99292E-005 0.648427 9.99292E-005 9.99292E-005
9.9938E-005 9.9938E-005 9.9938E-005 9.9938E-005 0.113861 9.9938E-005 0.604865 9.9938E-005 9.9938E-005 0.280574
9.99202E-005 0.999101 9.99202E-005 9.99202E-005 9.99202E-005 9.99202E-005 9.99202E-005 9.99202E-005 9.99202E-005 9.99202E-005
9.9929E-005 9.9929E-005 9.9929E-005 9.9929E-005 9.9929E-005 9.9929E-005 0.999064 9.9929E-005 9.9929E-005 0.000136229
9.99203E-005 9.99203E-005 9.99203E-005 0.999101 9.99203E-005 9.99203E-005 9.99203E-005 9.99203E-005 9.99203E-005 9.99203E-005
0.00339294 0.995808 9.9929E-005 9.9929E-005 9.9929E-005 9.9929E-005 9.9929E-005 9.9929E-005 9.9929E-005 9.9929E-005
0.307952 0.691248 9.99291E-005 9.99291E-005 9.99291E-005 9.99291E-005 9.99291E-005 9.99291E-005 9.99291E-005 9.99291E-005
9.99292E-005 9.99292E-005 9.99292E-005 9.99292E-005 0.291877 9.99292E-005 0.707324 9.99292E-005 9.99292E-005 9.99292E-005
9.99201E-005 9.99201E-005 9.99201E-005 9.99201E-005 9.99201E-005 9.99201E-005 0.999101 9.99201E-005 9.99201E-005 9.99201E-005
9.9929E-005 0.402284 9.9929E-005 0.596917 9.9929E-005 9.9929E-005 9.9929E-005 9.9929E-005 9.9929E-005 9.9929E-005
9.99203E-005 9.99203E-005 9.99203E-005 9.99203E-005 9.99203E-005 9.99203E-005 0.999101 9.99203E-005 9.99203E-005 9.99203E-005
9.99201E-005 9.99201E-005 9.99201E-005 9.99201E-005 9.99201E-005 9.99201E-005 0.999101 9.99201E-005 9.99201E-005 9.99201E-005
9.99201E-005 9.99201E-005 9.99201E-005 9.99201E-005 9.99201E-005 9.99201E-005 0.999101 9.99201E-005 9.99201E-005 9.99201E-005
9.99381E-005 0.076366 9.99381E-005 0.9116 0.0113349 9.99381E-005 9.99381E-005 9.99381E-005 9.99381E-005 9.99381E-005
9.99202E-005 9.99202E-005 0.999101 9.99202E-005 9.99202E-005 9.99202E-005 9.99202E-005 9.99202E-005 9.99202E-005 9.99202E-005
9.9929E-005 9.9929E-005 9.9929E-005 9.9929E-005 9.9929E-005 9.9929E-005 0.560177 9.9929E-005 9.9929E-005 0.439023
9.99291E-005 0.610092 9.99291E-005 9.99291E-005 9.99291E-005 0.389109 9.99291E-005 9.99291E-005 9.99291E-005 9.99291E-005
9.99469E-005 9.99469E-005 0.00104318 9.99469E-005 0.00835285 9.99469E-005 0.588975 9.99469E-005 9.99469E-005 0.401029
9.99379E-005 9.99379E-005 9.99379E-005 9.99379E-005 9.99379E-005 9.99379E-005 0.608399 0.0043045 9.99379E-005 0.386597
9.99292E-005 9.99292E-005 9.99292E-005 9.99292E-005 9.99292E-005 9.99292E-005 0.599994 9.99292E-005 9.99292E-005 0.399207
9.99201E-005 9.99201E-005 9.99201E-005 9.99201E-005 9.99201E-005 9.99201E-005 0.999101 9.99201E-005 9.99201E-005 9.99201E-005
9.99291E-005 9.99291E-005 9.99291E-005 9.99291E-005 9.99291E-005 9.99291E-005 0.842605 9.99291E-005 9.99291E-005 0.156596
9.99289E-005 9.99289E-005 9.99289E-005 9.99289E-005 9.99289E-005 9.99289E-005 0.701385 9.99289E-005 9.99289E-005 0.297816
9.99289E-005 9.99289E-005 9.99289E-005 9.99289E-005 9.99289E-005 9.99289E-005 0.0414412 0.957759 9.99289E-005 9.99289E-005
0.999101 9.99202E-005 9.99202E-005 9.99202E-005 9.99202E-005 9.99202E-005 9.99202E-005 9.99202E-005 9.99202E-005 9.99202E-005
9.99468E-005 0.202005 9.99468E-005 0.357961 9.99468E-005 0.426226 9.99468E-005 9.99468E-005 0.0132092 9.99468E-005
9.99291E-005 9.99291E-005 9.99291E-005 9.99291E-005 9.99291E-005 9.99291E-005 9.99291E-005 0.692219 9.99291E-005 0.306982
9.99291E-005 9.99291E-005 9.99291E-005 9.99291E-005 9.99291E-005 9.99291E-005 0.0814032 9.99291E-005 9.99291E-005 0.917797
9.99201E-005 9.99201E-005 9.99201E-005 9.99201E-005 9.99201E-005 9.99201E-005 0.999101 9.99201E-005 9.99201E-005 9.99201E-005
9.99378E-005 0.0795332 9.99378E-005 9.99378E-005 9.99378E-005 9.99378E-005 9.99378E-005 0.285886 0.633881 9.99378E-005
9.99467E-005 9.99467E-005 9.99467E-005 9.99467E-005 0.670453 0.0766184 0.172774 9.99467E-005 9.99467E-005 0.079555
9.99203E-005 9.99203E-005 9.99203E-005 9.99203E-005 9.99203E-005 9.99203E-005 0.999101 9.99203E-005 9.99203E-005 9.99203E-005
9.99468E-005 0.0730247 9.99468E-005 9.99468E-005 0.0518593 9.99468E-005 9.99468E-005 0.0786552 0.795861 9.99468E-005
9.99291E-005 9.99291E-005 9.99291E-005 9.99291E-005 0.181758 9.99291E-005 0.817443 9.99291E-005 9.99291E-005 9.99291E-005
9.9929E-005 9.9929E-005 0.0112539 9.9929E-005 9.9929E-005 9.9929E-005 0.987947 9.9929E-005 9.9929E-005 9.9929E-005
0.243359 9.99291E-005 9.99291E-005 9.99291E-005 9.99291E-005 9.99291E-005 9.99291E-005 0.755842 9.99291E-005 9.99291E-005
9.99467E-005 9.99467E-005 0.0741347 9.99467E-005 9.99467E-005 9.99467E-005 0.654547 0.0239236 9.99467E-005 0.246795
9.99291E-005 9.99291E-005 0.00085593 9.99291E-005 9.99291E-005 9.99291E-005 0.998345 9.99291E-005 9.99291E-005 9.99291E-005
9.99291E-005 9.99291E-005 9.99291E-005 0.842886 9.99291E-005 0.156315 9.99291E-005 9.99291E-005 9.99291E-005 9.99291E-005
9.99201E-005 9.99201E-005 9.99201E-005 0.999101 9.99201E-005 9.99201E-005 9.99201E-005 9.99201E-005 9.99201E-005 9.99201E-005
9.99466E-005 0.645193 9.99466E-005 9.99466E-005 0.161871 0.17062 9.99466E-005 9.99466E-005 9.99466E-005 0.0217173
9.9929E-005 9.9929E-005 9.9929E-005 9.9929E-005 9.9929E-005 9.9929E-005 0.831359 9.9929E-005 9.9929E-005 0.167841
9.99201E-005 9.99201E-005 9.99201E-005 9.99201E-005 9.99201E-005 9.99201E-005 0.999101 9.99201E-005 9.99201E-005 9.99201E-005
9.9929E-005 9.9929E-005 9.9929E-005 9.9929E-005 9.9929E-005 0.0249795 0.974221 9.9929E-005 9.9929E-005 9.9929E-005
9.99555E-005 9.99555E-005 0.368431 9.99555E-005 9.99555E-005 0.344489 0.0741347 0.0789627 9.99555E-005 0.133483
9.99377E-005 9.99377E-005 9.99377E-005 9.99377E-005 9.99377E-005 0.0803153 0.222132 9.99377E-005 9.99377E-005 0.696854
9.99288E-005 9.99288E-005 0.804675 9.99288E-005 9.99288E-005 9.99288E-005 0.194526 9.99288E-005 9.99288E-005 9.99288E-005
0.531743 9.99469E-005 0.140274 9.99469E-005 9.99469E-005 0.101423 9.99469E-005 9.99469E-005 0.225961 9.99469E-005
9.9938E-005 9.9938E-005 9.9938E-005 9.9938E-005 0.177191 9.9938E-005 0.731077 9.9938E-005 9.9938E-005 0.091032
9.9929E-005 9.9929E-005 9.9929E-005 9.9929E-005 9.9929E-005 9.9929E-005 0.534149 9.9929E-005 9.9929E-005 0.465052
9.99205E-005 9.99205E-005 9.99205E-005 9.99205E-005 9.99205E-005 9.99205E-005 0.999101 9.99205E-005 9.99205E-005 9.99205E-005
9.99378E-005 9.99378E-005 9.99378E-005 9.99378E-005 0.90413 9.99378E-005 0.0794598 9.99378E-005 0.0157106 9.99378E-005
9.99468E-005 9.99468E-005 9.99468E-005 9.99468E-005 0.183043 0.00858352 0.444093 9.99468E-005 9.99468E-005 0.363681
9.99291E-005 9.99291E-005 0.0808665 9.99291E-005 9.99291E-005 9.99291E-005 0.918334 9.99291E-005 9.99291E-005 9.99291E-005
9.99556E-005 9.99556E-005 0.0406487 9.99556E-005 0.124409 0.0155638 0.670356 9.99556E-005 9.99556E-005 0.148522
9.99291E-005 9.99291E-005 9.99291E-005 9.99291E-005 9.99291E-005 9.99291E-005 0.765105 9.99291E-005 9.99291E-005 0.234096
9.99467E-005 0.59692 0.198521 0.156092 9.99467E-005 0.047867 9.99467E-005 9.99467E-005 9.99467E-005 9.99467E-005
9.99201E-005 9.99201E-005 9.99201E-005 0.999101 9.99201E-005 9.99201E-005 9.99201E-005 9.99201E-005 9.99201E-005 9.99201E-005
9.99201E-005 9.99201E-005 9.99201E-005 9.99201E-005 9.99201E-005 9.99201E-005 0.999101 9.99201E-005 9.99201E-005 9.99201E-005
9.99291E-005 9.99291E-005 9.99291E-005 9.99291E-005 0.798996 9.99291E-005 0.200205 9.99291E-005 9.99291E-005 9.99291E-005
9.99378E-005 9.99378E-005 0.249725 9.99378E-005 0.425895 9.99378E-005 9.99378E-005 0.32368 9.99378E-005 9.99378E-005
9.99379E-005 9.99379E-005 0.222206 9.99379E-005 0.728128 0.048966 9.99379E-005 9.99379E-005 9.99379E-005 9.99379E-005
9.9929E-005 9.9929E-005 9.9929E-005 9.9929E-005 9.9929E-005 9.9929E-005 0.00328849 0.995912 9.9929E-005 9.9929E-005
9.99201E-005 9.99201E-005 9.99201E-005 9.99201E-005 9.99201E-005 9.99201E-005 0.999101 9.99201E-005 9.99201E-005 9.99201E-005
9.99292E-005 9.99292E-005 9.99292E-005 9.99292E-005 0.170621 9.99292E-005 0.828579 9.99292E-005 9.99292E-005 9.99292E-005
9.99201E-005 9.99201E-005 9.99201E-005 9.99201E-005 9.99201E-005 9.99201E-005 0.999101 9.99201E-005 9.99201E-005 9.99201E-005
9.99292E-005 9.99292E-005 9.99292E-005 9.99292E-005 9.99292E-005 9.99292E-005 0.79353 9.99292E-005 9.99292E-005 0.205671
9.99378E-005 9.99378E-005 9.99378E-005 9.99378E-005 0.0228689 9.99378E-005 9.99378E-005 0.502511 9.99378E-005 0.473921
9.99292E-005 9.99292E-005 9.99292E-005 9.99292E-005 9.99292E-005 9.99292E-005 9.99292E-005 9.99292E-005 0.0123499 0.986851
9.99202E-005 9.99202E-005 9.99202E-005 9.99202E-005 0.999101 9.99202E-005 9.99202E-005 9.99202E-005 9.99202E-005 9.99202E-005
9.99203E-005 9.99203E-005 9.99203E-005 9.99203E-005 9.99203E-005 9.99203E-005 0.999101 9.99203E-005 9.99203E-005 9.99203E-005
9.99201E-005 9.99201E-005 9.99201E-005 9.99201E-005 9.99201E-005 9.99201E-005 0.999101 9.99201E-005 9.99201E-005 9.99201E-005
0.00106137 9.99289E-005 0.998139 9.99289E-005 9.99289E-005 9.99289E-005 9.99289E-005 9.99289E-005 9.99289E-005 9.99289E-005
9.993E-005 0.134684 0.0649454 9.993E-005 0.799671 9.993E-005 9.993E-005 9.993E-005 9.993E-005 9.993E-005
9.99201E-005 9.99201E-005 9.99201E-005 9.99201E-005 9.99201E-005 9.99201E-005 0.999101 9.99201E-005 9.99201E-005 9.99201E-005
9.99201E-005 9.99201E-005 9.99201E-005 9.99201E-005 9.99201E-005 9.99201E-005 0.999101 9.99201E-005 9.99201E-005 9.99201E-005
9.9938E-005 9.9938E-005 9.9938E-005 9.9938E-005 9.9938E-005 0.00260327 0.868427 9.9938E-005 9.9938E-005 0.12827
9.99201E-005 9.99201E-005 9.99201E-005 9.99201E-005 9.99201E-005 9.99201E-005 0.999101 9.99201E-005 9.99201E-005 9.99201E-005
9.99203E-005 9.99203E-005 9.99203E-005 9.99203E-005 9.99203E-005 9.99203E-005 0.999101 9.99203E-005 9.99203E-005 9.99203E-005
9.99204E-005 9.99204E-005 9.99204E-005 9.99204E-005 9.99204E-005 9.99204E-005 0.999101 9.99204E-005 9.99204E-005 9.99204E-005
9.99202E-005 9.99202E-005 9.99202E-005 9.99202E-005 9.99202E-005 9.99202E-005 0.999101 9.99202E-005 9.99202E-005 9.99202E-005
9.99202E-005 9.99202E-005 9.99202E-005 9.99202E-005 9.99202E-005 9.99202E-005 0.999101 9.99202E-005 9.99202E-005 9.99202E-005
9.99379E-005 9.99379E-005 9.99379E-005 9.99379E-005 0.0389776 9.99379E-005 0.546528 9.99379E-005 9.99379E-005 0.413795
9.99202E-005 9.99202E-005 9.99202E-005 9.99202E-005 9.99202E-005 9.99202E-005 0.999101 9.99202E-005 9.99202E-005 9.99202E-005
9.99469E-005 0.00314368 0.0239792 9.99469E-005 9.99469E-005 9.99469E-005 0.945254 9.99469E-005 9.99469E-005 0.0270231
9.99292E-005 0.102638 9.99292E-005 9.99292E-005 9.99292E-005 9.99292E-005 9.99292E-005 0.896563 9.99292E-005 9.99292E-005
9.99469E-005 9.99469E-005 9.99469E-005 9.99469E-005 0.0875135 0.103006 0.782743 9.99469E-005 9.99469E-005 0.0261378
9.99202E-005 9.99202E-005 9.99202E-005 9.99202E-005 9.99202E-005 0.999101 9.99202E-005 9.99202E-005 9.99202E-005 9.99202E-005
9.9938E-005 9.9938E-005 9.9938E-005 9.9938E-005 0.28628 9.9938E-005 0.567829 0.145191 9.9938E-005 9.9938E-005
9.9929E-005 0.0860552 9.9929E-005 9.9929E-005 9.9929E-005 9.9929E-005 9.9929E-005 9.9929E-005 9.9929E-005 0.913145
9.99289E-005 9.99289E-005 9.99289E-005 9.99289E-005 0.547444 9.99289E-005 0.451757 9.99289E-005 9.99289E-005 9.99289E-005
9.9929E-005 9.9929E-005 0.745459 9.9929E-005 0.253741 9.9929E-005 9.9929E-005 9.9929E-005 9.9929E-005 9.9929E-005
9.9938E-005 9.9938E-005 9.9938E-005 0.599674 9.9938E-005 9.9938E-005 0.00979228 9.9938E-005 0.389834 9.9938E-005
0.238023 0.326654 0.434623 9.99379E-005 9.99379E-005 9.99379E-005 9.99379E-005 9.99379E-005 9.99379E-005 9.99379E-005
9.99201E-005 9.99201E-005 9.99201E-005 9.99201E-005 9.99201E-005 9.99201E-005 0.999101 9.99201E-005 9.99201E-005 9.99201E-005
0.75333 9.9929E-005 9.9929E-005 9.9929E-005 9.9929E-005 9.9929E-005 9.9929E-005 0.24587 9.9929E-005 9.9929E-005
9.99291E-005 9.99291E-005 9.99291E-005 9.99291E-005 9.99291E-005 9.99291E-005 9.99291E-005 0.0197522 0.979448 9.99291E-005
9.99293E-005 0.503333 0.495868 9.99293E-005 9.99293E-005 9.99293E-005 9.99293E-005 9.99293E-005 9.99293E-005 9.99293E-005
0.959901 9.99291E-005 9.99291E-005 0.0392999 9.99291E-005 9.99291E-005 9.99291E-005 9.99291E-005 9.99291E-005 9.99291E-005
9.99289E-005 9.99289E-005 9.99289E-005 9.99289E-005 9.99289E-005 9.99289E-005 0.501176 9.99289E-005 9.99289E-005 0.498025
9.99201E-005 9.99201E-005 9.99201E-005 9.99201E-005 9.99201E-005 9.99201E-005 9.99201E-005 9.99201E-005 0.999101 9.99201E-005
9.99204E-005 9.99204E-005 9.99204E-005 9.99204E-005 9.99204E-005 9.99204E-005 0.999101 9.99204E-005 9.99204E-005 9.99204E-005
9.99292E-005 9.99292E-005 9.99292E-005 9.99292E-005 0.0432342 9.99292E-005 0.955966 9.99292E-005 9.99292E-005 9.99292E-005
9.99201E-005 9.99201E-005 9.99201E-005 9.99201E-005 9.99201E-005 9.99201E-005 0.999101 9.99201E-005 9.99201E-005 9.99201E-005
9.99201E-005 9.99201E-005 9.99201E-005 9.99201E-005 9.99201E-005 9.99201E-005 0.999101 9.99201E-005 9.99201E-005 9.99201E-005
9.9938E-005 0.00627638 9.9938E-005 9.9938E-005 0.0920074 9.9938E-005 0.901017 9.9938E-005 9.9938E-005 9.9938E-005
9.99203E-005 9.99203E-005 9.99203E-005 9.99203E-005 9.99203E-005 9.99203E-005 0.999101 9.99203E-005 9.99203E-005 9.99203E-005
9.99555E-005 9.99555E-005 0.423026 9.99555E-005 0.436179 0.00420355 0.113316 9.99555E-005 9.99555E-005 0.022775
9.99467E-005 9.99467E-005 0.000750557 9.99467E-005 0.329342 9.99467E-005 9.99467E-005 0.37344 9.99467E-005 0.295868
9.99291E-005 9.99291E-005 0.077535 9.99291E-005 9.99291E-005 9.99291E-005 9.99291E-005 9.99291E-005 9.99291E-005 0.921666
9.99291E-005 9.99291E-005 9.99291E-005 9.99291E-005 9.99291E-005 9.99291E-005 0.662582 9.99291E-005 9.99291E-005 0.336618
