0.153666 0.034234 9.99734E-005 0.0537552 0.758045 9.99734E-005 9.99734E-005
9.99556E-005 9.99556E-005 9.99556E-005 0.612898 9.99556E-005 9.99556E-005 0.386603
9.99556E-005 9.99556E-005 0.721733 0.277767 9.99556E-005 9.99556E-005 9.99556E-005
9.99557E-005 0.258863 9.99557E-005 0.740637 9.99557E-005 9.99557E-005 9.99557E-005
0.212659 9.99556E-005 0.786841 9.99556E-005 9.99556E-005 9.99556E-005 9.99556E-005
9.99557E-005 9.99557E-005 0.155786 0.843714 9.99557E-005 9.99557E-005 9.99557E-005
9.99556E-005 9.99556E-005 0.174974 0.824526 9.99556E-005 9.99556E-005 9.99556E-005
9.99556E-005 9.99556E-005 9.99556E-005 0.924348 9.99556E-005 9.99556E-005 0.0751524
9.99557E-005 9.99557E-005 0.070544 0.928956 9.99557E-005 9.99557E-005 9.99557E-005
9.99733E-005 0.209978 9.99733E-005 0.598551 9.99733E-005 0.0583065 0.132864
9.99557E-005 9.99557E-005 0.130357 0.869144 9.99557E-005 9.99557E-005 9.99557E-005
9.99556E-005 9.99556E-005 0.709891 0.289609 9.99556E-005 9.99556E-005 9.99556E-005
9.99556E-005 0.00742793 9.99556E-005 9.99556E-005 9.99556E-005 0.992072 9.99556E-005
0.0829772 0.162623 9.99644E-005 9.99644E-005 9.99644E-005 9.99644E-005 0.754
9.995E-005 9.995E-005 9.995E-005 9.995E-005 9.995E-005 9.995E-005 0.9994
0.0184401 9.99645E-005 0.881399 0.0997606 9.99645E-005 9.99645E-005 9.99645E-005
9.995E-005 9.995E-005 0.9994 9.995E-005 9.995E-005 9.995E-005 9.995E-005
0.164164 0.230287 9.99733E-005 0.135775 9.99733E-005 9.99733E-005 0.469474
0.214615 9.99644E-005 9.99644E-005 9.99644E-005 9.99644E-005 0.095202 0.689784
9.99555E-005 9.99555E-005 0.344929 0.654571 9.99555E-005 9.99555E-005 9.99555E-005
0.325914 9.99646E-005 0.491264 0.182422 9.99646E-005 9.99646E-005 9.99646E-005
9.99556E-005 0.871251 9.99556E-005 0.12825 9.99556E-005 9.99556E-005 9.99556E-005
0.42906 0.182471 9.99734E-005 9.99734E-005 0.0958129 9.99734E-005 0.292355
9.99645E-005 0.906428 0.082026 0.0111462 9.99645E-005 9.99645E-005 9.99645E-005
9.995E-005 9.995E-005 0.9994 9.995E-005 9.995E-005 9.995E-005 9.995E-005
9.99557E-005 9.99557E-005 0.923491 0.0760091 9.99557E-005 9.99557E-005 9.99557E-005
0.0434505 9.99557E-005 0.95605 9.99557E-005 9.99557E-005 9.99557E-005 9.99557E-005
9.99734E-005 9.99734E-005 0.0304976 0.060385 9.99734E-005 0.888929 0.0198885
9.995E-005 9.995E-005 0.9994 9.995E-005 9.995E-005 9.995E-005 9.995E-005
0.304937 9.99645E-005 0.602641 0.0920216 9.99645E-005 9.99645E-005 9.99645E-005
9.995E-005 9.995E-005 9.995E-005 9.995E-005 9.995E-005 0.9994 9.995E-005
9.995E-005 9.995E-005 9.995E-005 9.995E-005 0.9994 9.995E-005 9.995E-005
9.995E-005 9.995E-005 0.9994 9.995E-005 9.995E-005 9.995E-005 9.995E-005
9.99557E-005 9.99557E-005 9.99557E-005 9.99557E-005 0.11669 0.882811 9.99557E-005
0.0371715 9.99556E-005 0.962329 9.99556E-005 9.99556E-005 9.99556E-005 9.99556E-005
0.272644 9.99558E-005 9.99558E-005 0.726857 9.99558E-005 9.99558E-005 9.99558E-005
0.225089 9.99557E-005 0.774411 9.99557E-005 9.99557E-005 9.99557E-005 9.99557E-005
9.995E-005 0.9994 9.995E-005 9.995E-005 9.995E-005 9.995E-005 9.995E-005
9.995E-005 9.995E-005 0.9994 9.995E-005 9.995E-005 9.995E-005 9.995E-005
9.99558E-005 9.99558E-005 9.99558E-005 9.99558E-005 0.897742 0.101758 9.99558E-005
9.99556E-005 0.933814 9.99556E-005 9.99556E-005 9.99556E-005 0.0656864 9.99556E-005
9.99557E-005 0.19537 9.99557E-005 9.99557E-005 0.80413 9.99557E-005 9.99557E-005
0.158972 9.99557E-005 0.840528 9.99557E-005 9.99557E-005 9.99557E-005 9.99557E-005
9.995E-005 9.995E-005 0.9994 9.995E-005 9.995E-005 9.995E-005 9.995E-005
9.99645E-005 0.435988 9.99645E-005 9.99645E-005 0.12339 0.440222 9.99645E-005
9.995E-005 9.995E-005 0.9994 9.995E-005 9.995E-005 9.995E-005 9.995E-005
9.995E-005 9.995E-005 0.9994 9.995E-005 9.995E-005 9.995E-005 9.995E-005
9.995E-005 9.995E-005 0.9994 9.995E-005 9.995E-005 9.995E-005 9.995E-005
9.995E-005 9.995E-005 9.995E-005 9.995E-005 0.9994 9.995E-005 9.995E-005
0.785823 0.0548137 9.99646E-005 0.158963 9.99646E-005 9.99646E-005 9.99646E-005
9.99558E-005 0.0210807 0.97842 9.99558E-005 9.99558E-005 9.99558E-005 9.99558E-005
9.995E-005 0.891919 9.995E-005 0.107581 9.995E-005 9.995E-005 9.995E-005
0.163531 9.99558E-005 0.835969 9.99558E-005 9.99558E-005 9.99558E-005 9.99558E-005
0.194761 9.99557E-005 0.804739 9.99557E-005 9.99557E-005 9.99557E-005 9.99557E-005
0.134256 9.99558E-005 0.865244 9.99558E-005 9.99558E-005 9.99558E-005 9.99558E-005
9.995E-005 9.995E-005 0.9994 9.995E-005 9.995E-005 9.995E-005 9.995E-005
0.0435616 9.99557E-005 0.955939 9.99557E-005 9.99557E-005 9.99557E-005 9.99557E-005
0.123382 9.99556E-005 0.876119 9.99556E-005 9.99556E-005 9.99556E-005 9.99556E-005
0.701253 9.99734E-005 0.0228913 9.99734E-005 0.0226992 9.99734E-005 0.252856
9.995E-005 9.995E-005 9.995E-005 9.995E-005 9.995E-005 0.9994 9.995E-005
9.99645E-005 0.262942 9.99645E-005 0.433273 9.99645E-005 0.303384 9.99645E-005
0.981664 0.0154464 9.99646E-005 9.99646E-005 9.99646E-005 9.99646E-005 0.00248935
0.447112 9.99558E-005 0.552388 9.99558E-005 9.99558E-005 9.99558E-005 9.99558E-005
9.995E-005 9.995E-005 0.9994 9.995E-005 9.995E-005 9.995E-005 9.995E-005
0.0112148 9.99644E-005 9.99644E-005 9.99644E-005 0.158637 9.99644E-005 0.829748
0.286179 0.0189776 0.503058 0.191485 9.99734E-005 9.99734E-005 9.99734E-005
9.995E-005 9.995E-005 0.9994 9.995E-005 9.995E-005 9.995E-005 9.995E-005
9.99557E-005 0.132172 9.99557E-005 9.99557E-005 9.99557E-005 9.99557E-005 0.867328
0.0221907 9.99557E-005 0.977309 9.99557E-005 9.99557E-005 9.99557E-005 9.99557E-005
9.995E-005 9.995E-005 0.9994 9.995E-005 9.995E-005 9.995E-005 9.995E-005
0.450736 0.113432 9.997E-005 9.997E-005 9.997E-005 0.423207 0.0123255
0.258901 9.99556E-005 0.740599 9.99556E-005 9.99556E-005 9.99556E-005 9.99556E-005
9.995E-005 9.995E-005 0.9994 9.995E-005 9.995E-005 9.995E-005 9.995E-005
9.99557E-005 9.99557E-005 9.99557E-005 0.246263 9.99557E-005 0.753238 9.99557E-005
9.99645E-005 9.99645E-005 9.99645E-005 0.119975 0.51739 0.362236 9.99645E-005
9.99645E-005 0.926977 0.0128161 0.0598069 9.99645E-005 9.99645E-005 9.99645E-005
9.995E-005 9.995E-005 0.9994 9.995E-005 9.995E-005 9.995E-005 9.995E-005
9.995E-005 9.995E-005 0.9994 9.995E-005 9.995E-005 9.995E-005 9.995E-005
9.995E-005 9.995E-005 0.96042 0.0390802 9.995E-005 9.995E-005 9.995E-005
0.368832 9.99644E-005 0.047281 0.583487 9.99644E-005 9.99644E-005 9.99644E-005
0.367029 9.99733E-005 0.565131 0.0668941 9.99733E-005 9.99733E-005 0.000645945
0.48712 9.99645E-005 0.115483 0.396998 9.99645E-005 9.99645E-005 9.99645E-005
9.99646E-005 9.99646E-005 9.99646E-005 0.0364959 9.99646E-005 0.53208 0.431024
0.119164 9.99557E-005 0.880336 9.99557E-005 9.99557E-005 9.99557E-005 9.99557E-005
0.284722 9.99556E-005 0.714779 9.99556E-005 9.99556E-005 9.99556E-005 9.99556E-005
9.995E-005 9.995E-005 0.9994 9.995E-005 9.995E-005 9.995E-005 9.995E-005
0.468537 0.0552974 0.475766 9.99645E-005 9.99645E-005 9.99645E-005 9.99645E-005
0.228349 9.99646E-005 0.687615 0.0836359 9.99646E-005 9.99646E-005 9.99646E-005
9.99557E-005 9.99557E-005 0.975117 0.0243828 9.99557E-005 9.99557E-005 9.99557E-005
0.112192 9.99645E-005 0.795349 0.0920589 9.99645E-005 9.99645E-005 9.99645E-005
0.073745 9.99557E-005 0.925755 9.99557E-005 9.99557E-005 9.99557E-005 9.99557E-005
9.99733E-005 0.265212 9.99733E-005 0.212302 0.503982 9.99733E-005 0.0182042
9.99645E-005 9.99645E-005 9.99645E-005 0.135971 0.0020424 0.861587 9.99645E-005
9.995E-005 9.995E-005 0.9994 9.995E-005 9.995E-005 9.995E-005 9.995E-005
0.249221 9.99646E-005 0.648151 0.102228 9.99646E-005 9.99646E-005 9.99646E-005
0.9994 9.995E-005 9.995E-005 9.995E-005 9.995E-005 9.995E-005 9.995E-005
0.564135 9.99645E-005 0.182673 0.252792 9.99645E-005 9.99645E-005 9.99645E-005
0.961957 9.99557E-005 9.99557E-005 0.0375434 9.99557E-005 9.99557E-005 9.99557E-005
9.995E-005 9.995E-005 0.9994 9.995E-005 9.995E-005 9.995E-005 9.995E-005
9.995E-005 9.995E-005 0.9994 9.995E-005 9.995E-005 9.995E-005 9.995E-005
9.995E-005 9.995E-005 0.9994 9.995E-005 9.995E-005 9.995E-005 9.995E-005
0.0263246 9.99646E-005 0.916795 9.99646E-005 9.99646E-005 9.99646E-005 0.0564803
0.85582 9.99556E-005 0.143681 9.99556E-005 9.99556E-005 9.99556E-005 9.99556E-005
0.591791 9.99647E-005 0.398142 9.99647E-005 9.99647E-005 9.99647E-005 0.00966763
0.682183 9.99557E-005 0.317317 9.99557E-005 9.99557E-005 9.99557E-005 9.99557E-005
9.995E-005 9.995E-005 0.9994 9.995E-005 9.995E-005 9.995E-005 9.995E-005
9.995E-005 9.995E-005 0.9994 9.995E-005 9.995E-005 9.995E-005 9.995E-005
0.627379 9.99733E-005 9.99733E-005 0.117025 9.99733E-005 0.195794 0.0595027
0.269929 0.42257 0.307101 9.99645E-005 9.99645E-005 9.99645E-005 9.99645E-005
9.995E-005 9.995E-005 0.9994 9.995E-005 9.995E-005 9.995E-005 9.995E-005
9.995E-005 9.995E-005 0.9994 9.995E-005 9.995E-005 9.995E-005 9.995E-005
9.99557E-005 9.99557E-005 0.951291 0.0482092 9.99557E-005 9.99557E-005 9.99557E-005
9.995E-005 9.995E-005 0.9994 9.995E-005 9.995E-005 9.995E-005 9.995E-005
9.995E-005 9.995E-005 0.9994 9.995E-005 9.995E-005 9.995E-005 9.995E-005
9.995E-005 9.995E-005 0.9994 9.995E-005 9.995E-005 9.995E-005 9.995E-005
9.995E-005 9.995E-005 0.9994 9.995E-005 9.995E-005 9.995E-005 9.995E-005
9.995E-005 9.995E-005 0.9994 9.995E-005 9.995E-005 9.995E-005 9.995E-005
0.144739 9.99645E-005 0.820481 0.0343802 9.99645E-005 9.99645E-005 9.99645E-005
9.995E-005 9.995E-005 0.9994 9.995E-005 9.995E-005 9.995E-005 9.995E-005
9.995E-005 9.995E-005 0.9994 9.995E-005 9.995E-005 9.995E-005 9.995E-005
0.231195 0.440402 0.00265415 9.99734E-005 9.99734E-005 9.99734E-005 0.325449
9.99557E-005 9.99557E-005 0.855675 0.143825 9.99557E-005 9.99557E-005 9.99557E-005
9.995E-005 9.995E-005 9.995E-005 0.9994 9.995E-005 9.995E-005 9.995E-005
0.349059 9.99557E-005 0.650441 9.99557E-005 9.99557E-005 9.99557E-005 9.99557E-005
0.575243 0.188736 0.235622 9.99646E-005 9.99646E-005 9.99646E-005 9.99646E-005
0.127317 9.99646E-005 0.830951 0.0413326 9.99646E-005 9.99646E-005 9.99646E-005
0.495441 0.32729 0.0595286 0.0783704 9.99823E-005 9.99823E-005 0.03917
9.99557E-005 9.99557E-005 9.99557E-005 9.99557E-005 0.517309 9.99557E-005 0.482191
0.0782685 0.136333 9.99734E-005 0.164924 0.620175 9.99734E-005 9.99734E-005
9.995E-005 9.995E-005 0.9994 9.995E-005 9.995E-005 9.995E-005 9.995E-005
0.0974243 9.99645E-005 9.99645E-005 9.99645E-005 9.99645E-005 0.837094 0.065082
9.995E-005 9.995E-005 9.995E-005 9.995E-005 9.995E-005 9.995E-005 0.9994
9.995E-005 0.9994 9.995E-005 9.995E-005 9.995E-005 9.995E-005 9.995E-005
9.99557E-005 9.99557E-005 9.99557E-005 9.99557E-005 0.35759 0.641911 9.99557E-005
0.245175 9.99556E-005 0.754325 9.99556E-005 9.99556E-005 9.99556E-005 9.99556E-005
9.995E-005 9.995E-005 9.995E-005 9.995E-005 9.995E-005 9.995E-005 0.9994
9.995E-005 9.995E-005 0.9994 9.995E-005 9.995E-005 9.995E-005 9.995E-005
9.995E-005 9.995E-005 0.9994 9.995E-005 9.995E-005 9.995E-005 9.995E-005
9.995E-005 9.995E-005 0.9994 9.995E-005 9.995E-005 9.995E-005 9.995E-005
9.995E-005 9.995E-005 0.9994 9.995E-005 9.995E-005 9.995E-005 9.995E-005
9.995E-005 9.995E-005 0.9994 9.995E-005 9.995E-005 9.995E-005 9.995E-005
9.995E-005 9.995E-005 0.9994 9.995E-005 9.995E-005 9.995E-005 9.995E-005
0.650518 9.99645E-005 0.183857 0.165226 9.99645E-005 9.99645E-005 9.99645E-005
0.839265 9.99645E-005 0.136269 9.99645E-005 9.99645E-005 9.99645E-005 0.0240671
0.709785 9.99557E-005 0.289715 9.99557E-005 9.99557E-005 9.99557E-005 9.99557E-005
0.107117 9.99557E-005 0.892383 9.99557E-005 9.99557E-005 9.99557E-005 9.99557E-005
